# Made in Blockbench 4.4.1
mtllib Imp.mtl

o hitbox
v 0.3125 1.25 0.25
v 0.3125 1.25 -0.125
v 0.3125 0 0.25
v 0.3125 0 -0.125
v -0.3125 1.25 -0.125
v -0.3125 1.25 0.25
v -0.3125 0 -0.125
v -0.3125 0 0.25
o head
v 0.12821443036182156 1.246414205691218 0.18777829222720205
v 0.12771242875504654 1.247514328376095 -0.0622187832046218
v 0.12521475124237297 1.1214513867451485 0.18723441151213316
v 0.12471274963559795 1.1225515094300258 -0.0627626639196907
v -0.12221507212292439 1.2535114322009207 -0.061690530797064054
v -0.1217130705161494 1.2524113095160434 0.1883065446347598
v -0.12521475124237297 1.1285486132548512 -0.06223441151213295
v -0.12471274963559799 1.1274484905699742 0.1877626639196909
vt 0.34375 0.53125
vt 0.40625 0.53125
vt 0.40625 0.5
vt 0.34375 0.5
vt 0.28125 0.53125
vt 0.34375 0.53125
vt 0.34375 0.5
vt 0.28125 0.5
vt 0.46875 0.53125
vt 0.53125 0.53125
vt 0.53125 0.5
vt 0.46875 0.5
vt 0.40625 0.53125
vt 0.46875 0.53125
vt 0.46875 0.5
vt 0.40625 0.5
vt 0.40625 0.53125
vt 0.34375 0.53125
vt 0.34375 0.59375
vt 0.40625 0.59375
vt 0.46875 0.59375
vt 0.40625 0.59375
vt 0.40625 0.53125
vt 0.46875 0.53125
vn -0.0020080064271000017 0.0044004907395085195 -0.9999883017272955
vn 0.9997100035118839 -0.02398841529930237 -0.0021130096302309736
vn 0.0020080064271000017 -0.0044004907395085195 0.9999883017272955
vn -0.9997100035118839 0.02398841529930237 0.0021130096302309736
vn 0.023997432955588777 0.9997025515685554 0.004351045720551131
vn -0.023997432955588777 -0.9997025515685554 -0.004351045720551131
usemtl m_0
f 12/4/1 15/3/1 13/2/1 10/1/1
f 11/8/2 12/7/2 10/6/2 9/5/2
f 16/12/3 11/11/3 9/10/3 14/9/3
f 15/16/4 16/15/4 14/14/4 13/13/4
f 14/20/5 9/19/5 10/18/5 13/17/5
f 15/24/6 12/23/6 11/22/6 16/21/6
o cube
v 0.12521475124237297 1.1214513867451485 0.18723441151213305
v 0.12496375043898547 1.1220014480875873 0.06223587379622113
v 0.12371491168264867 1.058969977272114 0.18696247115459863
v 0.12346391087926117 1.0595200386145525 0.0619639334386867
v -0.12496375043898547 1.1279985519124127 0.06276412620377887
v -0.12471274963559797 1.1274484905699742 0.1877626639196908
v -0.12646358999870977 1.0655171424393781 0.062492185846244434
v -0.12621258919532227 1.0649670810969396 0.18749072356215635
vt 0.53125 0.890625
vt 0.59375 0.890625
vt 0.59375 0.875
vt 0.53125 0.875
vt 0.5 0.890625
vt 0.53125 0.890625
vt 0.53125 0.875
vt 0.5 0.875
vt 0.625 0.890625
vt 0.6875 0.890625
vt 0.6875 0.875
vt 0.625 0.875
vt 0.59375 0.890625
vt 0.625 0.890625
vt 0.625 0.875
vt 0.59375 0.875
vt 0.59375 0.890625
vt 0.53125 0.890625
vt 0.53125 0.921875
vt 0.59375 0.921875
vt 0.65625 0.921875
vt 0.59375 0.921875
vt 0.59375 0.890625
vt 0.65625 0.890625
vn -0.0020080064270999853 0.00440049073950837 -0.9999883017272955
vn 0.9997100035118839 -0.023988415299302374 -0.0021130096302309533
vn 0.0020080064270999853 -0.00440049073950837 0.9999883017272955
vn -0.9997100035118839 0.023988415299302374 0.0021130096302309533
vn 0.02399743295558878 0.9997025515685554 0.004351045720550982
vn -0.02399743295558878 -0.9997025515685554 -0.004351045720550982
usemtl m_0
f 20/28/7 23/27/7 21/26/7 18/25/7
f 19/32/8 20/31/8 18/30/8 17/29/8
f 24/36/9 19/35/9 17/34/9 22/33/9
f 23/40/10 24/39/10 22/38/10 21/37/10
f 22/44/11 17/43/11 18/42/11 21/41/11
f 23/48/12 20/47/12 19/46/12 24/45/12
o cube
v 0.03261527676777692 1.1870068021661508 0.0002066399486337564
v 0.03223877556269567 1.1878318941798085 -0.18729116662523412
v 0.03111543720805262 1.124525392693116 -0.00006530040890068145
v 0.03073893600297137 1.125350484706774 -0.18756310698276857
v -0.030243099656797067 1.189331170136015 -0.1871591035233447
v -0.02986659845171582 1.188506078122357 0.0003387030505231925
v -0.03174293921652136 1.1268497606629804 -0.1874310438808791
v -0.031366438011440116 1.1260246686493225 0.00006676269298875465
vt 0.546875 0.78125
vt 0.5625 0.78125
vt 0.5625 0.765625
vt 0.546875 0.765625
vt 0.5 0.78125
vt 0.546875 0.78125
vt 0.546875 0.765625
vt 0.5 0.765625
vt 0.609375 0.78125
vt 0.625 0.78125
vt 0.625 0.765625
vt 0.609375 0.765625
vt 0.5625 0.78125
vt 0.609375 0.78125
vt 0.609375 0.765625
vt 0.5625 0.765625
vt 0.5625 0.78125
vt 0.546875 0.78125
vt 0.546875 0.828125
vt 0.5625 0.828125
vt 0.578125 0.828125
vt 0.5625 0.828125
vt 0.5625 0.78125
vt 0.578125 0.78125
vn -0.0020080064270999853 0.00440049073950837 -0.9999883017272955
vn 0.9997100035118839 -0.023988415299302374 -0.0021130096302309533
vn 0.0020080064270999853 -0.00440049073950837 0.9999883017272955
vn -0.9997100035118839 0.023988415299302374 0.0021130096302309533
vn 0.02399743295558878 0.9997025515685554 0.004351045720550982
vn -0.02399743295558878 -0.9997025515685554 -0.004351045720550982
usemtl m_0
f 28/52/13 31/51/13 29/50/13 26/49/13
f 27/56/14 28/55/14 26/54/14 25/53/14
f 32/60/15 27/59/15 25/58/15 30/57/15
f 31/64/16 32/63/16 30/62/16 29/61/16
f 30/68/17 25/67/17 26/66/17 29/65/17
f 31/72/18 28/71/18 27/70/18 32/69/18
o cube
v 0.17819993053741573 1.245214784926253 0.18767264174569037
v 0.17782342933233447 1.2460398769399108 0.00017483517182249886
v 0.17520025141796713 1.1202519659801835 0.18712876103062148
v 0.17482375021288588 1.1210770579938414 -0.00036904554324637684
v -0.1720750718968248 1.2544358222946665 0.0009143885424033327
v -0.17169857069174355 1.2536107302810087 0.18841219511627122
v -0.1750747510162734 1.1294730033485971 0.000370507827334457
v -0.17469824981119214 1.1286479113349395 0.18786831440120233
vt 0.453125 0.953125
vt 0.53125 0.953125
vt 0.53125 0.921875
vt 0.453125 0.921875
vt 0.40625 0.953125
vt 0.453125 0.953125
vt 0.453125 0.921875
vt 0.40625 0.921875
vt 0.578125 0.953125
vt 0.65625 0.953125
vt 0.65625 0.921875
vt 0.578125 0.921875
vt 0.53125 0.953125
vt 0.578125 0.953125
vt 0.578125 0.921875
vt 0.53125 0.921875
vt 0.53125 0.953125
vt 0.453125 0.953125
vt 0.453125 1
vt 0.53125 1
vt 0.609375 1
vt 0.53125 1
vt 0.53125 0.953125
vt 0.609375 0.953125
vn -0.0020080064270999853 0.00440049073950837 -0.9999883017272955
vn 0.9997100035118839 -0.023988415299302374 -0.0021130096302309533
vn 0.0020080064270999853 -0.00440049073950837 0.9999883017272955
vn -0.9997100035118839 0.023988415299302374 0.0021130096302309533
vn 0.02399743295558878 0.9997025515685554 0.004351045720550982
vn -0.02399743295558878 -0.9997025515685554 -0.004351045720550982
usemtl m_0
f 36/76/19 39/75/19 37/74/19 34/73/19
f 35/80/20 36/79/20 34/78/20 33/77/20
f 40/84/21 35/83/21 33/82/21 38/81/21
f 39/88/22 40/87/22 38/86/22 37/85/22
f 38/92/23 33/91/23 34/90/23 37/89/23
f 39/96/24 36/95/24 35/94/24 40/93/24
o cube
v 0.1921961451410386 1.3073963392080463 0.18791816948284693
v 0.1919451443376511 1.3079464005504848 0.062919631766935
v 0.18769662646186572 1.1199521107889423 0.18710234841024362
v 0.18744562565847822 1.1205021721313808 0.0621038106943317
v -0.18294610697930533 1.3169420562877232 0.06371201037827161
v -0.18269510617591783 1.3163919949452847 0.18871054809418353
v -0.18744562565847822 1.1294978278686192 0.0628961893056683
v -0.18719462485509072 1.1289477665261807 0.18789472702158022
vt 0.5 0.59375
vt 0.59375 0.59375
vt 0.59375 0.546875
vt 0.5 0.546875
vt 0.46875 0.59375
vt 0.5 0.59375
vt 0.5 0.546875
vt 0.46875 0.546875
vt 0.625 0.59375
vt 0.71875 0.59375
vt 0.71875 0.546875
vt 0.625 0.546875
vt 0.59375 0.59375
vt 0.625 0.59375
vt 0.625 0.546875
vt 0.59375 0.546875
vt 0.59375 0.59375
vt 0.5 0.59375
vt 0.5 0.625
vt 0.59375 0.625
vt 0.6875 0.625
vt 0.59375 0.625
vt 0.59375 0.59375
vt 0.6875 0.59375
vn -0.0020080064270999853 0.00440049073950837 -0.9999883017272955
vn 0.9997100035118839 -0.023988415299302374 -0.0021130096302309533
vn 0.0020080064270999853 -0.00440049073950837 0.9999883017272955
vn -0.9997100035118839 0.023988415299302374 0.0021130096302309533
vn 0.02399743295558878 0.9997025515685554 0.004351045720550982
vn -0.02399743295558878 -0.9997025515685554 -0.004351045720550982
usemtl m_0
f 44/100/25 47/99/25 45/98/25 42/97/25
f 43/104/26 44/103/26 42/102/26 41/101/26
f 48/108/27 43/107/27 41/106/27 46/105/27
f 47/112/28 48/111/28 46/110/28 45/109/28
f 46/116/29 41/115/29 42/114/29 45/113/29
f 47/120/30 44/119/30 43/118/30 48/117/30
o cube
v 0.19313436179753707 1.2450925920666105 0.13337960175053423
v 0.1902743176156062 1.2448622835219236 0.20206970005627004
v 0.19163452223781277 1.182611182593576 0.1331076613929998
v 0.1887744780558819 1.182380874048889 0.2017977596987356
v 0.3151300787551457 1.2418425922277363 0.2072581848788425
v 0.31799012293707657 1.2420729007724232 0.1385680865731067
v 0.31363023919542143 1.1793611827547017 0.2069862445213081
v 0.3164902833773523 1.1795914912993883 0.1382961462155723
vt 0.5625 0.4375
vt 0.59375 0.4375
vt 0.59375 0.421875
vt 0.5625 0.421875
vt 0.546875 0.4375
vt 0.5625 0.4375
vt 0.5625 0.421875
vt 0.546875 0.421875
vt 0.609375 0.4375
vt 0.640625 0.4375
vt 0.640625 0.421875
vt 0.609375 0.421875
vt 0.59375 0.4375
vt 0.609375 0.4375
vt 0.609375 0.421875
vt 0.59375 0.421875
vt 0.59375 0.4375
vt 0.5625 0.4375
vt 0.5625 0.453125
vt 0.59375 0.453125
vt 0.625 0.453125
vt 0.59375 0.453125
vt 0.59375 0.4375
vt 0.625 0.4375
vn -0.041600642646267165 -0.003349942468172446 0.9991287026288843
vn -0.9988460891163162 0.024157530353499258 -0.04150787858057989
vn 0.041600642646267165 0.003349942468172446 -0.9991287026288843
vn 0.9988460891163162 -0.024157530353499258 0.04150787858057989
vn 0.02399743295558878 0.9997025515685553 0.004351045720550982
vn -0.02399743295558878 -0.9997025515685553 -0.004351045720550982
usemtl m_0
f 52/124/31 55/123/31 53/122/31 50/121/31
f 51/128/32 52/127/32 50/126/32 49/125/32
f 56/132/33 51/131/33 49/130/33 54/129/33
f 55/136/34 56/135/34 54/134/34 53/133/34
f 54/140/35 49/139/35 50/138/35 53/137/35
f 55/144/36 52/143/36 51/142/36 56/141/36
o cube
v 0.25856192148675544 1.3685455653655862 0.13651772487688935
v 0.25596188132136377 1.3683361939613254 0.19896326879119464
v 0.2570620819270311 1.3060641558925514 0.1362457845193549
v 0.25446204176163945 1.3058547844882908 0.1986913284336602
v 0.38081764246090327 1.365316502667138 0.2041517536137671
v 0.38341768262629494 1.365525874071399 0.14170620969946185
v 0.379317802901179 1.3028350931941033 0.20387981325623267
v 0.3819178430665707 1.303044464598364 0.1414342693419274
vt 0.46875 0.4375
vt 0.5 0.4375
vt 0.5 0.421875
vt 0.46875 0.421875
vt 0.453125 0.4375
vt 0.46875 0.4375
vt 0.46875 0.421875
vt 0.453125 0.421875
vt 0.515625 0.4375
vt 0.546875 0.4375
vt 0.546875 0.421875
vt 0.515625 0.421875
vt 0.5 0.4375
vt 0.515625 0.4375
vt 0.515625 0.421875
vt 0.5 0.421875
vt 0.5 0.4375
vt 0.46875 0.4375
vt 0.46875 0.453125
vt 0.5 0.453125
vt 0.53125 0.453125
vt 0.5 0.453125
vt 0.5 0.4375
vt 0.53125 0.4375
vn -0.041600642646267165 -0.003349942468172446 0.9991287026288843
vn -0.9988460891163162 0.024157530353499258 -0.04150787858057989
vn 0.041600642646267165 0.003349942468172446 -0.9991287026288843
vn 0.9988460891163162 -0.024157530353499258 0.04150787858057989
vn 0.02399743295558878 0.9997025515685553 0.004351045720550982
vn -0.02399743295558878 -0.9997025515685553 -0.004351045720550982
usemtl m_0
f 60/148/37 63/147/37 61/146/37 58/145/37
f 59/152/38 60/151/38 58/150/38 57/149/38
f 64/156/39 59/155/39 57/154/39 62/153/39
f 63/160/40 64/159/40 62/158/40 61/157/40
f 62/164/41 57/163/41 58/162/41 61/161/41
f 63/168/42 60/167/42 59/166/42 64/165/42
o cube
v 0.3841676024061571 1.3967665788079162 0.14184217987822906
v 0.38156756224076543 1.3965572074036554 0.20428772379253432
v 0.3826677628464328 1.3342851693348814 0.1415702395206946
v 0.3800677226810411 1.3340757979306206 0.20401578343499988
v 0.44399544281053516 1.3950473617565617 0.20688196620382057
v 0.4465954829759268 1.3952567331608225 0.1444364222895153
v 0.44249560325081083 1.332565952283527 0.20661002584628613
v 0.4450956434162025 1.3327753236877877 0.14416448193198084
vt 0.296875 0.546875
vt 0.3125 0.546875
vt 0.3125 0.53125
vt 0.296875 0.53125
vt 0.28125 0.546875
vt 0.296875 0.546875
vt 0.296875 0.53125
vt 0.28125 0.53125
vt 0.328125 0.546875
vt 0.34375 0.546875
vt 0.34375 0.53125
vt 0.328125 0.53125
vt 0.3125 0.546875
vt 0.328125 0.546875
vt 0.328125 0.53125
vt 0.3125 0.53125
vt 0.3125 0.546875
vt 0.296875 0.546875
vt 0.296875 0.5625
vt 0.3125 0.5625
vt 0.328125 0.5625
vt 0.3125 0.5625
vt 0.3125 0.546875
vt 0.328125 0.546875
vn -0.041600642646267165 -0.003349942468172446 0.9991287026288843
vn -0.9988460891163162 0.024157530353499258 -0.04150787858057989
vn 0.041600642646267165 0.003349942468172446 -0.9991287026288843
vn 0.9988460891163162 -0.024157530353499258 0.04150787858057989
vn 0.02399743295558878 0.9997025515685553 0.004351045720550982
vn -0.02399743295558878 -0.9997025515685553 -0.004351045720550982
usemtl m_0
f 68/172/43 71/171/43 69/170/43 66/169/43
f 67/176/44 68/175/44 66/174/44 65/173/44
f 72/180/45 67/179/45 65/178/45 70/177/45
f 71/184/46 72/183/46 70/182/46 69/181/46
f 70/188/47 65/187/47 66/186/47 69/185/47
f 71/192/48 68/191/48 67/190/48 72/189/48
o cube
v 0.2570620819270311 1.3060641558925514 0.1362457845193549
v 0.25446204176163945 1.3058547844882908 0.1986913284336602
v 0.25556224236730685 1.2435827464195168 0.13597384416182046
v 0.2529622022019152 1.243373375015256 0.19841938807612575
v 0.379317802901179 1.3028350931941033 0.20387981325623267
v 0.3819178430665707 1.303044464598364 0.1414342693419274
v 0.3778179633414547 1.2403536837210687 0.20360787289869825
v 0.38041800350684635 1.2405630551253295 0.14116232898439296
vt 0.375 0.4375
vt 0.40625 0.4375
vt 0.40625 0.421875
vt 0.375 0.421875
vt 0.359375 0.4375
vt 0.375 0.4375
vt 0.375 0.421875
vt 0.359375 0.421875
vt 0.421875 0.4375
vt 0.453125 0.4375
vt 0.453125 0.421875
vt 0.421875 0.421875
vt 0.40625 0.4375
vt 0.421875 0.4375
vt 0.421875 0.421875
vt 0.40625 0.421875
vt 0.40625 0.4375
vt 0.375 0.4375
vt 0.375 0.453125
vt 0.40625 0.453125
vt 0.4375 0.453125
vt 0.40625 0.453125
vt 0.40625 0.4375
vt 0.4375 0.4375
vn -0.041600642646267165 -0.003349942468172446 0.9991287026288843
vn -0.9988460891163162 0.024157530353499258 -0.04150787858057989
vn 0.041600642646267165 0.003349942468172446 -0.9991287026288843
vn 0.9988460891163162 -0.024157530353499258 0.04150787858057989
vn 0.02399743295558878 0.9997025515685553 0.004351045720550982
vn -0.02399743295558878 -0.9997025515685553 -0.004351045720550982
usemtl m_0
f 76/196/49 79/195/49 77/194/49 74/193/49
f 75/200/50 76/199/50 74/198/50 73/197/50
f 80/204/51 75/203/51 73/202/51 78/201/51
f 79/208/52 80/207/52 78/206/52 77/205/52
f 78/212/53 73/211/53 74/210/53 77/209/53
f 79/216/54 76/215/54 75/214/54 80/213/54
o cube
v 0.19463420135726137 1.3075740015396453 0.13365154210806868
v 0.1917741571753305 1.3073436929949585 0.20234164041380448
v 0.19313436179753707 1.2450925920666105 0.13337960175053423
v 0.1902743176156062 1.2448622835219236 0.20206970005627004
v 0.31662991831487003 1.304324001700771 0.20753012523637696
v 0.3194899624968009 1.3045543102454578 0.13884002693064115
v 0.3151300787551457 1.2418425922277363 0.2072581848788425
v 0.31799012293707657 1.2420729007724232 0.1385680865731067
vt 0.515625 0.640625
vt 0.546875 0.640625
vt 0.546875 0.625
vt 0.515625 0.625
vt 0.5 0.640625
vt 0.515625 0.640625
vt 0.515625 0.625
vt 0.5 0.625
vt 0.5625 0.640625
vt 0.59375 0.640625
vt 0.59375 0.625
vt 0.5625 0.625
vt 0.546875 0.640625
vt 0.5625 0.640625
vt 0.5625 0.625
vt 0.546875 0.625
vt 0.546875 0.640625
vt 0.515625 0.640625
vt 0.515625 0.65625
vt 0.546875 0.65625
vt 0.578125 0.65625
vt 0.546875 0.65625
vt 0.546875 0.640625
vt 0.578125 0.640625
vn -0.041600642646267165 -0.003349942468172446 0.9991287026288843
vn -0.9988460891163162 0.024157530353499258 -0.04150787858057989
vn 0.041600642646267165 0.003349942468172446 -0.9991287026288843
vn 0.9988460891163162 -0.024157530353499258 0.04150787858057989
vn 0.02399743295558878 0.9997025515685553 0.004351045720550982
vn -0.02399743295558878 -0.9997025515685553 -0.004351045720550982
usemtl m_0
f 84/220/55 87/219/55 85/218/55 82/217/55
f 83/224/56 84/223/56 82/222/56 81/221/56
f 88/228/57 83/227/57 81/226/57 86/225/57
f 87/232/58 88/231/58 86/230/58 85/229/58
f 86/236/59 81/235/59 82/234/59 85/233/59
f 87/240/60 84/239/60 83/238/60 88/237/60
o cube
v 0.19573440196292877 1.2453019634708713 0.07093405783622896
v 0.19313436179753707 1.2450925920666105 0.13337960175053423
v 0.19423456240320447 1.1828205539978367 0.07066211747869452
v 0.19163452223781277 1.182611182593576 0.1331076613929998
v 0.31799012293707657 1.2420729007724232 0.1385680865731067
v 0.3205901631024683 1.242282272176684 0.07612254265880145
v 0.3164902833773523 1.1795914912993883 0.1382961462155723
v 0.319090323542744 1.1798008627036491 0.075850602301267
vt 0.25 0.578125
vt 0.28125 0.578125
vt 0.28125 0.5625
vt 0.25 0.5625
vt 0.234375 0.578125
vt 0.25 0.578125
vt 0.25 0.5625
vt 0.234375 0.5625
vt 0.296875 0.578125
vt 0.328125 0.578125
vt 0.328125 0.5625
vt 0.296875 0.5625
vt 0.28125 0.578125
vt 0.296875 0.578125
vt 0.296875 0.5625
vt 0.28125 0.5625
vt 0.28125 0.578125
vt 0.25 0.578125
vt 0.25 0.59375
vt 0.28125 0.59375
vt 0.3125 0.59375
vt 0.28125 0.59375
vt 0.28125 0.578125
vt 0.3125 0.578125
vn -0.041600642646267165 -0.003349942468172446 0.9991287026288843
vn -0.9988460891163162 0.024157530353499258 -0.04150787858057989
vn 0.041600642646267165 0.003349942468172446 -0.9991287026288843
vn 0.9988460891163162 -0.024157530353499258 0.04150787858057989
vn 0.02399743295558878 0.9997025515685553 0.004351045720550982
vn -0.02399743295558878 -0.9997025515685553 -0.004351045720550982
usemtl m_0
f 92/244/61 95/243/61 93/242/61 90/241/61
f 91/248/62 92/247/62 90/246/62 89/245/62
f 96/252/63 91/251/63 89/250/63 94/249/63
f 95/256/64 96/255/64 94/254/64 93/253/64
f 94/260/65 89/259/65 90/258/65 93/257/65
f 95/264/66 92/263/66 91/262/66 96/261/66
o cube
v -0.18432044613733586 1.2541856161434692 0.12593933887869313
v -0.18444594653902963 1.2544606468146886 0.06344007002073718
v -0.18582028569706016 1.1917042066704346 0.1256673985211587
v -0.18594578609875392 1.1919792373416538 0.06316812966320275
v -0.30940969697801507 1.2574591987271013 0.06370419622451605
v -0.30928419657632134 1.2571841680558822 0.126203465082472
v -0.31090953653773934 1.1949777892540667 0.0634322558669816
v -0.3107840361360456 1.1947027585828474 0.12593152472493757
vt 0.59375 0.8125
vt 0.625 0.8125
vt 0.625 0.796875
vt 0.59375 0.796875
vt 0.578125 0.8125
vt 0.59375 0.8125
vt 0.59375 0.796875
vt 0.578125 0.796875
vt 0.640625 0.8125
vt 0.671875 0.8125
vt 0.671875 0.796875
vt 0.640625 0.796875
vt 0.625 0.8125
vt 0.640625 0.8125
vt 0.640625 0.796875
vt 0.625 0.796875
vt 0.625 0.8125
vt 0.59375 0.8125
vt 0.59375 0.828125
vt 0.625 0.828125
vt 0.65625 0.828125
vt 0.625 0.828125
vt 0.625 0.8125
vt 0.65625 0.8125
vn -0.0020080064270999853 0.00440049073950837 -0.9999883017272955
vn 0.9997100035118839 -0.023988415299302374 -0.0021130096302309533
vn 0.0020080064270999853 -0.00440049073950837 0.9999883017272955
vn -0.9997100035118839 0.023988415299302374 0.0021130096302309533
vn 0.02399743295558878 0.9997025515685554 0.004351045720550982
vn -0.02399743295558878 -0.9997025515685554 -0.004351045720550982
usemtl m_0
f 100/268/67 103/267/67 101/266/67 98/265/67
f 99/272/68 100/271/68 98/270/68 97/269/68
f 104/276/69 99/275/69 97/274/69 102/273/69
f 103/280/70 104/279/70 102/278/70 101/277/70
f 102/284/71 97/283/71 98/282/71 101/281/71
f 103/288/72 100/287/72 99/286/72 104/285/72
o cube
v -0.24367714183568626 1.3803726803745258 0.1891145515536074
v -0.24380264223738 1.3806477110457451 0.12661528269565145
v -0.24517698139541055 1.3178912709014912 0.18884261119607296
v -0.2453024817971043 1.3181663015727103 0.126343342338117
v -0.3687663926763655 1.3836462629581578 0.1268794088994303
v -0.3686408922746717 1.3833712322869385 0.18937867775738626
v -0.3702662322360898 1.3211648534851232 0.12660746854189586
v -0.370140731834396 1.3208898228139039 0.18910673739985184
vt 0.015625 0.421875
vt 0.046875 0.421875
vt 0.046875 0.40625
vt 0.015625 0.40625
vt 0 0.421875
vt 0.015625 0.421875
vt 0.015625 0.40625
vt 0 0.40625
vt 0.0625 0.421875
vt 0.09375 0.421875
vt 0.09375 0.40625
vt 0.0625 0.40625
vt 0.046875 0.421875
vt 0.0625 0.421875
vt 0.0625 0.40625
vt 0.046875 0.40625
vt 0.046875 0.421875
vt 0.015625 0.421875
vt 0.015625 0.4375
vt 0.046875 0.4375
vt 0.078125 0.4375
vt 0.046875 0.4375
vt 0.046875 0.421875
vt 0.078125 0.421875
vn -0.0020080064270999853 0.00440049073950837 -0.9999883017272955
vn 0.9997100035118839 -0.023988415299302374 -0.0021130096302309533
vn 0.0020080064270999853 -0.00440049073950837 0.9999883017272955
vn -0.9997100035118839 0.023988415299302374 0.0021130096302309533
vn 0.02399743295558878 0.9997025515685554 0.004351045720550982
vn -0.02399743295558878 -0.9997025515685554 -0.004351045720550982
usemtl m_0
f 108/292/73 111/291/73 109/290/73 106/289/73
f 107/296/74 108/295/74 106/294/74 105/293/74
f 112/300/75 107/299/75 105/298/75 110/297/75
f 111/304/76 112/303/76 110/302/76 109/301/76
f 110/308/77 105/307/77 106/306/77 109/305/77
f 111/312/78 108/311/78 107/310/78 112/309/78
o cube
v -0.36789097249480956 1.414611937023456 0.1895146479361535
v -0.36801647289650335 1.4148869676946751 0.12701537907819754
v -0.3693908120545339 1.3521305275504214 0.18924270757861905
v -0.3695163124562277 1.3524055582216405 0.1267434387206631
v -0.4304983481159961 1.4163862436508816 0.12714744218008697
v -0.4303728477143023 1.4161112129796622 0.18964671103804293
v -0.4319981876757204 1.353904834177847 0.12687550182255253
v -0.4318726872740266 1.3536298035066276 0.18937477068050848
vt 0.234375 0.484375
vt 0.25 0.484375
vt 0.25 0.46875
vt 0.234375 0.46875
vt 0.21875 0.484375
vt 0.234375 0.484375
vt 0.234375 0.46875
vt 0.21875 0.46875
vt 0.265625 0.484375
vt 0.28125 0.484375
vt 0.28125 0.46875
vt 0.265625 0.46875
vt 0.25 0.484375
vt 0.265625 0.484375
vt 0.265625 0.46875
vt 0.25 0.46875
vt 0.25 0.484375
vt 0.234375 0.484375
vt 0.234375 0.5
vt 0.25 0.5
vt 0.265625 0.5
vt 0.25 0.5
vt 0.25 0.484375
vt 0.265625 0.484375
vn -0.0020080064270999853 0.00440049073950837 -0.9999883017272955
vn 0.9997100035118839 -0.023988415299302374 -0.0021130096302309533
vn 0.0020080064270999853 -0.00440049073950837 0.9999883017272955
vn -0.9997100035118839 0.023988415299302374 0.0021130096302309533
vn 0.02399743295558878 0.9997025515685554 0.004351045720550982
vn -0.02399743295558878 -0.9997025515685554 -0.004351045720550982
usemtl m_0
f 116/316/79 119/315/79 117/314/79 114/313/79
f 115/320/80 116/319/80 114/318/80 113/317/80
f 120/324/81 115/323/81 113/322/81 118/321/81
f 119/328/82 120/327/82 118/326/82 117/325/82
f 118/332/83 113/331/83 114/330/83 117/329/83
f 119/336/84 116/335/84 115/334/84 120/333/84
o cube
v -0.24517698139541055 1.3178912709014912 0.18884261119607296
v -0.2453024817971043 1.3181663015727103 0.126343342338117
v -0.24667682095513485 1.2554098614284563 0.18857067083853854
v -0.24680232135682859 1.2556848920996757 0.1260714019805826
v -0.3702662322360898 1.3211648534851232 0.12660746854189586
v -0.370140731834396 1.3208898228139039 0.18910673739985184
v -0.3717660717958141 1.2586834440120884 0.12633552818436145
v -0.3716405713941203 1.2584084133408693 0.1888347970423174
vt 0.109375 0.421875
vt 0.140625 0.421875
vt 0.140625 0.40625
vt 0.109375 0.40625
vt 0.09375 0.421875
vt 0.109375 0.421875
vt 0.109375 0.40625
vt 0.09375 0.40625
vt 0.15625 0.421875
vt 0.1875 0.421875
vt 0.1875 0.40625
vt 0.15625 0.40625
vt 0.140625 0.421875
vt 0.15625 0.421875
vt 0.15625 0.40625
vt 0.140625 0.40625
vt 0.140625 0.421875
vt 0.109375 0.421875
vt 0.109375 0.4375
vt 0.140625 0.4375
vt 0.171875 0.4375
vt 0.140625 0.4375
vt 0.140625 0.421875
vt 0.171875 0.421875
vn -0.0020080064270999853 0.00440049073950837 -0.9999883017272955
vn 0.9997100035118839 -0.023988415299302374 -0.0021130096302309533
vn 0.0020080064270999853 -0.00440049073950837 0.9999883017272955
vn -0.9997100035118839 0.023988415299302374 0.0021130096302309533
vn 0.02399743295558878 0.9997025515685554 0.004351045720550982
vn -0.02399743295558878 -0.9997025515685554 -0.004351045720550982
usemtl m_0
f 124/340/85 127/339/85 125/338/85 122/337/85
f 123/344/86 124/343/86 122/342/86 121/341/86
f 128/348/87 123/347/87 121/346/87 126/345/87
f 127/352/88 128/351/88 126/350/88 125/349/88
f 126/356/89 121/355/89 122/354/89 125/353/89
f 127/360/90 124/359/90 123/358/90 128/357/90
o cube
v -0.18268255613574846 1.3163644918781627 0.19496047497997915
v -0.18282060657761157 1.316667025616504 0.12621127923622757
v -0.18418239569547276 1.2538830824051281 0.1946885346224447
v -0.18432044613733586 1.2541856161434692 0.12593933887869313
v -0.307784357016597 1.3196655775289168 0.12647540544000646
v -0.30764630657473385 1.3193630437905757 0.195224601183758
v -0.30928419657632134 1.2571841680558822 0.126203465082472
v -0.3091461461344582 1.2568816343175409 0.19495266082622356
vt 0.203125 0.421875
vt 0.234375 0.421875
vt 0.234375 0.40625
vt 0.203125 0.40625
vt 0.1875 0.421875
vt 0.203125 0.421875
vt 0.203125 0.40625
vt 0.1875 0.40625
vt 0.25 0.421875
vt 0.28125 0.421875
vt 0.28125 0.40625
vt 0.25 0.40625
vt 0.234375 0.421875
vt 0.25 0.421875
vt 0.25 0.40625
vt 0.234375 0.40625
vt 0.234375 0.421875
vt 0.203125 0.421875
vt 0.203125 0.4375
vt 0.234375 0.4375
vt 0.265625 0.4375
vt 0.234375 0.4375
vt 0.234375 0.421875
vt 0.265625 0.421875
vn -0.0020080064270999853 0.00440049073950837 -0.9999883017272955
vn 0.9997100035118839 -0.023988415299302374 -0.0021130096302309533
vn 0.0020080064270999853 -0.00440049073950837 0.9999883017272955
vn -0.9997100035118839 0.023988415299302374 0.0021130096302309533
vn 0.02399743295558878 0.9997025515685554 0.004351045720550982
vn -0.02399743295558878 -0.9997025515685554 -0.004351045720550982
usemtl m_0
f 132/364/91 135/363/91 133/362/91 130/361/91
f 131/368/92 132/367/92 130/366/92 129/365/92
f 136/372/93 131/371/93 129/370/93 134/369/93
f 135/376/94 136/375/94 134/374/94 133/373/94
f 134/380/95 129/379/95 130/378/95 133/377/95
f 135/384/96 132/383/96 131/382/96 136/381/96
o cube
v -0.18418239569547276 1.2538830824051281 0.1946885346224447
v -0.18432044613733586 1.2541856161434692 0.12593933887869313
v -0.18568223525519706 1.1914016729320935 0.19441659426491026
v -0.18582028569706016 1.1917042066704346 0.1256673985211587
v -0.30928419657632134 1.2571841680558822 0.126203465082472
v -0.3091461461344582 1.2568816343175409 0.19495266082622356
v -0.3107840361360456 1.1947027585828474 0.12593152472493757
v -0.31064598569418245 1.1944002248445063 0.19468072046868914
vt 0.296875 0.421875
vt 0.328125 0.421875
vt 0.328125 0.40625
vt 0.296875 0.40625
vt 0.28125 0.421875
vt 0.296875 0.421875
vt 0.296875 0.40625
vt 0.28125 0.40625
vt 0.34375 0.421875
vt 0.375 0.421875
vt 0.375 0.40625
vt 0.34375 0.40625
vt 0.328125 0.421875
vt 0.34375 0.421875
vt 0.34375 0.40625
vt 0.328125 0.40625
vt 0.328125 0.421875
vt 0.296875 0.421875
vt 0.296875 0.4375
vt 0.328125 0.4375
vt 0.359375 0.4375
vt 0.328125 0.4375
vt 0.328125 0.421875
vt 0.359375 0.421875
vn -0.0020080064270999853 0.00440049073950837 -0.9999883017272955
vn 0.9997100035118839 -0.023988415299302374 -0.0021130096302309533
vn 0.0020080064270999853 -0.00440049073950837 0.9999883017272955
vn -0.9997100035118839 0.023988415299302374 0.0021130096302309533
vn 0.02399743295558878 0.9997025515685554 0.004351045720550982
vn -0.02399743295558878 -0.9997025515685554 -0.004351045720550982
usemtl m_0
f 140/388/97 143/387/97 141/386/97 138/385/97
f 139/392/98 140/391/98 138/390/98 137/389/98
f 144/396/99 139/395/99 137/394/99 142/393/99
f 143/400/100 144/399/100 142/398/100 141/397/100
f 142/404/101 137/403/101 138/402/101 141/401/101
f 143/408/102 140/407/102 139/406/102 144/405/102
o jaw
v 0.11841844166580275 1.1217849353602254 0.059508242065900656
v 0.11769470558714921 1.1060218446625787 -0.06449176268307596
v 0.11690407559268097 1.059803202730549 0.06739630365414306
v 0.11618033951402744 1.0440401120329024 -0.05660370109483355
v -0.11973158568133248 1.1119039490232123 -0.0638537479616865
v -0.11900784960267895 1.1276670397208588 0.060146256787290124
v -0.12124595175445425 1.049922216393536 -0.05596568637344408
v -0.12052221567580072 1.0656853070911827 0.06803431837553253
vt 0.53125 0.84375
vt 0.578125 0.84375
vt 0.578125 0.828125
vt 0.53125 0.828125
vt 0.5 0.84375
vt 0.53125 0.84375
vt 0.53125 0.828125
vt 0.5 0.828125
vt 0.609375 0.84375
vt 0.65625 0.84375
vt 0.65625 0.828125
vt 0.609375 0.828125
vt 0.578125 0.84375
vt 0.609375 0.84375
vt 0.609375 0.828125
vt 0.578125 0.828125
vt 0.578125 0.84375
vt 0.53125 0.84375
vt 0.53125 0.875
vt 0.578125 0.875
vt 0.625 0.875
vt 0.578125 0.875
vt 0.578125 0.84375
vt 0.625 0.84375
vn -0.005789888629228227 -0.12610472558117317 -0.9920000379918129
vn 0.9996896474462387 -0.024766755202667728 -0.002686377774271456
vn 0.005789888629228227 0.12610472558117317 0.9920000379918129
vn -0.9996896474462387 0.024766755202667728 0.002686377774271456
vn 0.024229857169948448 0.9917077220748199 -0.12620898541187853
vn -0.024229857169948448 -0.9917077220748199 0.12620898541187853
usemtl m_0
f 148/412/103 151/411/103 149/410/103 146/409/103
f 147/416/104 148/415/104 146/414/104 145/413/104
f 152/420/105 147/419/105 145/418/105 150/417/105
f 151/424/106 152/423/106 150/422/106 149/421/106
f 150/428/107 145/427/107 146/426/107 149/425/107
f 151/432/108 148/431/108 147/430/108 152/429/108
o horn1
v -0.05810785694201359 1.3142185350465296 0.0009486153165367828
v -0.05823335734370734 1.314493565717749 -0.06155065354141917
v -0.05960769650173789 1.251737125573495 0.0006766749590023449
v -0.05973319690343164 1.2520121562447144 -0.061822593898953615
v -0.12071523256320008 1.3159928416739555 -0.06141859043952974
v -0.12058973216150633 1.315717811002736 0.0010806784184262189
v -0.12221507212292437 1.2535114322009207 -0.06169053079706417
v -0.12208957172123062 1.2532364015297015 0.000808738060891781
vt 0.4375 0.359375
vt 0.453125 0.359375
vt 0.453125 0.34375
vt 0.4375 0.34375
vt 0.421875 0.359375
vt 0.4375 0.359375
vt 0.4375 0.34375
vt 0.421875 0.34375
vt 0.46875 0.359375
vt 0.484375 0.359375
vt 0.484375 0.34375
vt 0.46875 0.34375
vt 0.453125 0.359375
vt 0.46875 0.359375
vt 0.46875 0.34375
vt 0.453125 0.34375
vt 0.453125 0.359375
vt 0.4375 0.359375
vt 0.4375 0.375
vt 0.453125 0.375
vt 0.46875 0.375
vt 0.453125 0.375
vt 0.453125 0.359375
vt 0.46875 0.359375
vn -0.0020080064270999853 0.00440049073950837 -0.9999883017272955
vn 0.9997100035118839 -0.023988415299302374 -0.0021130096302309533
vn 0.0020080064270999853 -0.00440049073950837 0.9999883017272955
vn -0.9997100035118839 0.023988415299302374 0.0021130096302309533
vn 0.02399743295558878 0.9997025515685554 0.004351045720550982
vn -0.02399743295558878 -0.9997025515685554 -0.004351045720550982
usemtl m_0
f 156/436/109 159/435/109 157/434/109 154/433/109
f 155/440/110 156/439/110 154/438/110 153/437/110
f 160/444/111 155/443/111 153/442/111 158/441/111
f 159/448/112 160/447/112 158/446/112 157/445/112
f 158/452/113 153/451/113 154/450/113 157/449/113
f 159/456/114 156/455/114 155/454/114 160/453/114
o horn1
v -0.05360833826284069 1.5016627634656339 0.0017644363891400894
v -0.05373383866453444 1.501937794136853 -0.060734832468815864
v -0.056608017382289294 1.3766999445195645 0.0012205556740712206
v -0.05673351778398304 1.3769749751907838 -0.06127871318388474
v -0.11621571388402718 1.5034370700930595 -0.060602769366926434
v -0.11609021348233343 1.5031620394218401 0.0018964994910295255
v -0.11921539300347578 1.37847425114699 -0.06114665008199531
v -0.11908989260178203 1.378199220475771 0.0013526187759606567
vt 0.015625 0.390625
vt 0.03125 0.390625
vt 0.03125 0.359375
vt 0.015625 0.359375
vt 0 0.390625
vt 0.015625 0.390625
vt 0.015625 0.359375
vt 0 0.359375
vt 0.046875 0.390625
vt 0.0625 0.390625
vt 0.0625 0.359375
vt 0.046875 0.359375
vt 0.03125 0.390625
vt 0.046875 0.390625
vt 0.046875 0.359375
vt 0.03125 0.359375
vt 0.03125 0.390625
vt 0.015625 0.390625
vt 0.015625 0.40625
vt 0.03125 0.40625
vt 0.046875 0.40625
vt 0.03125 0.40625
vt 0.03125 0.390625
vt 0.046875 0.390625
vn -0.0020080064270999853 0.00440049073950837 -0.9999883017272955
vn 0.9997100035118839 -0.023988415299302374 -0.0021130096302309533
vn 0.0020080064270999853 -0.00440049073950837 0.9999883017272955
vn -0.9997100035118839 0.023988415299302374 0.0021130096302309533
vn 0.02399743295558878 0.9997025515685554 0.004351045720550982
vn -0.02399743295558878 -0.9997025515685554 -0.004351045720550982
usemtl m_0
f 164/460/115 167/459/115 165/458/115 162/457/115
f 163/464/116 164/463/116 162/462/116 161/461/116
f 168/468/117 163/467/117 161/466/117 166/465/117
f 167/472/118 168/471/118 166/470/118 165/469/118
f 166/476/119 161/475/119 162/474/119 165/473/119
f 167/480/120 164/479/120 163/478/120 168/477/120
o horn1
v -0.11818998886594746 1.4156880661595912 0.0015157829904813153
v -0.11831548926764121 1.4159630968308106 -0.06098348586747465
v -0.12118966798539606 1.290725247213522 0.0009719022754124396
v -0.1213151683870898 1.2910002778847411 -0.06152736658254351
v -0.18079736448713396 1.417462372787017 -0.06085142276558521
v -0.18067186408544023 1.4171873421157977 0.0016478460923707514
v -0.18379704360658256 1.2924995538409476 -0.061395303480654084
v -0.18367154320488882 1.2922245231697282 0.0011039653773018757
vt 0.078125 0.390625
vt 0.09375 0.390625
vt 0.09375 0.359375
vt 0.078125 0.359375
vt 0.0625 0.390625
vt 0.078125 0.390625
vt 0.078125 0.359375
vt 0.0625 0.359375
vt 0.109375 0.390625
vt 0.125 0.390625
vt 0.125 0.359375
vt 0.109375 0.359375
vt 0.09375 0.390625
vt 0.109375 0.390625
vt 0.109375 0.359375
vt 0.09375 0.359375
vt 0.09375 0.390625
vt 0.078125 0.390625
vt 0.078125 0.40625
vt 0.09375 0.40625
vt 0.109375 0.40625
vt 0.09375 0.40625
vt 0.09375 0.390625
vt 0.109375 0.390625
vn -0.0020080064270999853 0.00440049073950837 -0.9999883017272955
vn 0.9997100035118839 -0.023988415299302374 -0.0021130096302309533
vn 0.0020080064270999853 -0.00440049073950837 0.9999883017272955
vn -0.9997100035118839 0.023988415299302374 0.0021130096302309533
vn 0.02399743295558878 0.9997025515685554 0.004351045720550982
vn -0.02399743295558878 -0.9997025515685554 -0.004351045720550982
usemtl m_0
f 172/484/121 175/483/121 173/482/121 170/481/121
f 171/488/122 172/487/122 170/486/122 169/485/122
f 176/492/123 171/491/123 169/490/123 174/489/123
f 175/496/124 176/495/124 174/494/124 173/493/124
f 174/500/125 169/499/125 170/498/125 173/497/125
f 175/504/126 172/503/126 171/502/126 176/501/126
o horn1
v 0.06673039309527813 1.3114950138053363 -0.06181477974519804
v 0.06685589349697188 1.311219983134117 0.0006844891127579245
v 0.06523055353555383 1.2490136043323015 -0.06208672010273247
v 0.06535605393724758 1.248738573661082 0.00041254875522347967
v 0.12933776871646463 1.3097207071779104 0.0005524260108684675
v 0.12921226831477087 1.3099957378491298 -0.061946842847087485
v 0.12783792915674033 1.2472392977048758 0.0002804856533340505
v 0.12771242875504657 1.247514328376095 -0.062218783204621916
vt 0.640625 0.78125
vt 0.65625 0.78125
vt 0.65625 0.765625
vt 0.640625 0.765625
vt 0.625 0.78125
vt 0.640625 0.78125
vt 0.640625 0.765625
vt 0.625 0.765625
vt 0.671875 0.78125
vt 0.6875 0.78125
vt 0.6875 0.765625
vt 0.671875 0.765625
vt 0.65625 0.78125
vt 0.671875 0.78125
vt 0.671875 0.765625
vt 0.65625 0.765625
vt 0.65625 0.78125
vt 0.640625 0.78125
vt 0.640625 0.796875
vt 0.65625 0.796875
vt 0.671875 0.796875
vt 0.65625 0.796875
vt 0.65625 0.78125
vt 0.671875 0.78125
vn 0.0020080064271001076 -0.004400490739508373 0.9999883017272955
vn -0.9997100035118839 0.023988415299302374 0.002113009630231076
vn -0.0020080064271001076 0.004400490739508373 -0.9999883017272955
vn 0.9997100035118839 -0.023988415299302374 -0.002113009630231076
vn 0.02399743295558878 0.9997025515685554 0.004351045720550982
vn -0.02399743295558878 -0.9997025515685554 -0.004351045720550982
usemtl m_0
f 180/508/127 183/507/127 181/506/127 178/505/127
f 179/512/128 180/511/128 178/510/128 177/509/128
f 184/516/129 179/515/129 177/514/129 182/513/129
f 183/520/130 184/519/130 182/518/130 181/517/130
f 182/524/131 177/523/131 178/522/131 181/521/131
f 183/528/132 180/527/132 179/526/132 184/525/132
o horn1
v 0.07122991177445104 1.4989392422244403 -0.060998958672594736
v 0.07135541217614479 1.498664211553221 0.001500310185361231
v 0.06823023265500243 1.3739764232783709 -0.06154283938766361
v 0.06835573305669618 1.3737013926071515 0.0009564294702923415
v 0.13383728739563752 1.4971649355970147 0.0013682470834717742
v 0.13371178699394376 1.4974399662682338 -0.06113102177448418
v 0.13083760827618893 1.3722021166509453 0.0008243663684029123
v 0.13071210787449516 1.3724771473221646 -0.06167490248955304
vt 0.59375 0.40625
vt 0.609375 0.40625
vt 0.609375 0.375
vt 0.59375 0.375
vt 0.578125 0.40625
vt 0.59375 0.40625
vt 0.59375 0.375
vt 0.578125 0.375
vt 0.625 0.40625
vt 0.640625 0.40625
vt 0.640625 0.375
vt 0.625 0.375
vt 0.609375 0.40625
vt 0.625 0.40625
vt 0.625 0.375
vt 0.609375 0.375
vt 0.609375 0.40625
vt 0.59375 0.40625
vt 0.59375 0.421875
vt 0.609375 0.421875
vt 0.625 0.421875
vt 0.609375 0.421875
vt 0.609375 0.40625
vt 0.625 0.40625
vn 0.0020080064271001076 -0.004400490739508373 0.9999883017272955
vn -0.9997100035118839 0.023988415299302374 0.002113009630231076
vn -0.0020080064271001076 0.004400490739508373 -0.9999883017272955
vn 0.9997100035118839 -0.023988415299302374 -0.002113009630231076
vn 0.02399743295558878 0.9997025515685554 0.004351045720550982
vn -0.02399743295558878 -0.9997025515685554 -0.004351045720550982
usemtl m_0
f 188/532/133 191/531/133 189/530/133 186/529/133
f 187/536/134 188/535/134 186/534/134 185/533/134
f 192/540/135 187/539/135 185/538/135 190/537/135
f 191/544/136 192/543/136 190/542/136 189/541/136
f 190/548/137 185/547/137 186/546/137 189/545/137
f 191/552/138 188/551/138 187/550/138 192/549/138
o horn1
v 0.13161201161032973 1.409965993005985 -0.06151173827503238
v 0.1317375120120235 1.4096909623347655 0.0009875305829235848
v 0.12861233249088114 1.2850031740599155 -0.06205561899010126
v 0.1287378328925749 1.2847281433886963 0.0004436498678546952
v 0.19421938723151624 1.4081916863785593 0.0008554674810341278
v 0.19409388682982248 1.4084667170497784 -0.061643801376921825
v 0.19121970811206765 1.2832288674324899 0.000311586765965266
v 0.1910942077103739 1.2835038981037092 -0.0621876820919907
vt 0.53125 0.40625
vt 0.546875 0.40625
vt 0.546875 0.375
vt 0.53125 0.375
vt 0.515625 0.40625
vt 0.53125 0.40625
vt 0.53125 0.375
vt 0.515625 0.375
vt 0.5625 0.40625
vt 0.578125 0.40625
vt 0.578125 0.375
vt 0.5625 0.375
vt 0.546875 0.40625
vt 0.5625 0.40625
vt 0.5625 0.375
vt 0.546875 0.375
vt 0.546875 0.40625
vt 0.53125 0.40625
vt 0.53125 0.421875
vt 0.546875 0.421875
vt 0.5625 0.421875
vt 0.546875 0.421875
vt 0.546875 0.40625
vt 0.5625 0.40625
vn 0.0020080064271001076 -0.004400490739508373 0.9999883017272955
vn -0.9997100035118839 0.023988415299302374 0.002113009630231076
vn -0.0020080064271001076 0.004400490739508373 -0.9999883017272955
vn 0.9997100035118839 -0.023988415299302374 -0.002113009630231076
vn 0.02399743295558878 0.9997025515685554 0.004351045720550982
vn -0.02399743295558878 -0.9997025515685554 -0.004351045720550982
usemtl m_0
f 196/556/139 199/555/139 197/554/139 194/553/139
f 195/560/140 196/559/140 194/558/140 193/557/140
f 200/564/141 195/563/141 193/562/141 198/561/141
f 199/568/142 200/567/142 198/566/142 197/565/142
f 198/572/143 193/571/143 194/570/143 197/569/143
f 199/576/144 196/575/144 195/574/144 200/573/144
o cube
v 0.1875 1 0.1875
v 0.1875 1 0
v 0.1875 0.8125 0.1875
v 0.1875 0.8125 0
v -0.1875 1 0
v -0.1875 1 0.1875
v -0.1875 0.8125 0
v -0.1875 0.8125 0.1875
vt 0.046875 0.546875
vt 0.140625 0.546875
vt 0.140625 0.5
vt 0.046875 0.5
vt 0 0.546875
vt 0.046875 0.546875
vt 0.046875 0.5
vt 0 0.5
vt 0.1875 0.546875
vt 0.28125 0.546875
vt 0.28125 0.5
vt 0.1875 0.5
vt 0.140625 0.546875
vt 0.1875 0.546875
vt 0.1875 0.5
vt 0.140625 0.5
vt 0.140625 0.546875
vt 0.046875 0.546875
vt 0.046875 0.59375
vt 0.140625 0.59375
vt 0.234375 0.59375
vt 0.140625 0.59375
vt 0.140625 0.546875
vt 0.234375 0.546875
vn 0 0 -1
vn 1 0 0
vn 0 0 1
vn -1 0 0
vn 0 1 0
vn 0 -1 0
usemtl m_0
f 204/580/145 207/579/145 205/578/145 202/577/145
f 203/584/146 204/583/146 202/582/146 201/581/146
f 208/588/147 203/587/147 201/586/147 206/585/147
f 207/592/148 208/591/148 206/590/148 205/589/148
